208719062, 16:13:24
208768465, 15:45:51
209087907, 16:13:40
209285261, 16:12:02
211860119, 15:39:55
211988431, 16:16:18
214179897, 16:09:38
214228470, 16:13:13
214319063, 15:39:43
214321275, 16:13:25
214466393, 16:11:51
214477093, 15:39:51
214521304, 15:39:57
215419938, 16:16:22
215543406, 15:40:04
215729914, 15:40:14
216419358, 15:40:02
216448589, 15:39:48
217191584, 16:09:35
218548519, 15:40:07
219798535, 15:40:10
220761605, 15:40:16
220791263, 15:46:01
231227562, 16:11:09
244831749, 15:45:53
